Blog	b	gt	main	a	n	m	t	i	j	k	d	for	g	x	s	yum	install	import	os	get	base	file	the	true	of	on	log	server	name	ip	to	html	set	filter	src	id	this	type	f	xxx	replace	com	org	home	sql	tcp	session	linux	r	have	is	data	that	long	key	v	in	calendar	cal	lfsf	nfs	system	rpc	jdk	tar	local	bootstrap	input	datetime	mongomongo	mongodb	spring	jar	tomcat	ehcache	rmi	jms	ztree	tree	ie	json	easyui	springmvc	class	argument	lang	not	apache	startup	bat	activiti	modeler	ui	properties	dubbo	zookeeper	zoo	cfg	app	saas	android	activity
xxg2810的专栏	2	0	0	0	0	0	0	0	0	0	0	0	0	0	0	0	0	0	0	0	0	0	0	0	0	0	0	0	0	0	0	0	0	0	0	0	0	0	0	0	0	0	0	0	0	0	0	0	0	0	0	0	0	0	0	0	0	0	0	0	0	0	0	0	0	0	0	0	0	0	0	0	0	0	0	0	0	0	0	0	0	0	0	0	0	0	0	0	0	0	0	0	0	0	0	0	0	0	0	0	0	0
知知为知知	14	164	5	92	62	20	27	110	60	31	37	34	38	70	27	5	6	2	3	2	1	3	19	5	6	2	6	19	3	27	8	6	3	5	2	6	5	2	2	2	2	1	1	1	2	2	1	6	24	2	2	1	2	4	2	14	5	0	0	0	0	0	0	0	0	0	0	0	0	0	0	0	0	0	0	0	0	0	0	0	0	0	0	0	0	0	0	0	0	0	0	0	0	0	0	0	0	0	0	0	0	0
Q	0	0	2	0	0	0	0	0	0	0	2	2	0	2	0	0	0	0	0	2	5	2	0	0	1	0	0	1	3	1	0	3	2	3	2	0	0	2	0	0	0	0	2	4	0	0	6	2	0	0	0	2	0	0	0	0	1	7	3	40	4	2	3	6	3	2	9	4	2	3	6	12	4	8	5	2	2	2	3	3	2	3	9	2	2	2	2	2	2	2	3	4	2	2	4	2	2	2	0	0	0	0
阿朱=行业趋势+开发管理+架构	4	0	0	0	0	0	0	0	0	0	0	0	2	0	0	0	0	0	0	0	0	0	0	0	0	0	0	0	0	0	0	0	0	0	0	0	0	0	0	0	0	0	0	0	0	0	0	0	0	0	0	0	0	0	0	0	0	0	0	0	0	0	0	0	0	0	0	0	0	0	0	0	0	0	0	0	0	0	0	0	0	0	0	0	0	0	0	0	0	0	0	0	0	0	0	0	0	0	2	2	0	0
特种兵—AK47	4	0	0	3	0	46	0	2	0	3	0	0	0	0	0	0	0	2	0	0	0	0	1	0	1	0	0	2	1	0	0	1	0	0	0	3	0	2	0	6	0	6	1	0	3	5	0	4	4	0	0	0	0	0	0	0	0	0	0	0	0	0	0	0	0	0	0	0	0	0	0	0	0	0	0	0	0	0	0	0	0	0	0	0	0	0	0	0	0	0	0	0	1	0	0	0	0	0	6	0	7	0
让 学习 成为一种 习惯  ( 韩曙亮 の 技术博客 )	0	2	2	1	50	0	0	1	0	0	1	0	0	0	3	0	0	0	0	0	0	0	0	0	0	0	0	0	0	0	0	0	0	0	0	0	0	0	0	0	0	0	0	0	0	0	0	1	0	0	0	0	0	0	0	0	0	0	0	0	0	0	0	0	0	0	0	0	0	0	0	0	0	0	0	0	0	0	0	0	0	0	0	0	0	0	0	0	0	0	0	0	3	0	0	0	0	0	0	0	5	2
Cross	0	0	0	2	1	0	0	2	0	0	0	0	1	2	2	2	2	2	2	0	0	0	0	2	0	0	0	1	1	0	0	2	0	0	0	1	0	0	2	0	2	3	0	0	0	0	0	1	0	0	0	0	0	0	0	3	0	0	0	0	0	0	0	3	0	0	0	0	0	0	0	0	0	0	0	0	0	0	0	0	6	0	0	2	0	0	0	0	0	0	0	0	0	0	0	0	0	0	7	0	26	5
田攀的日志	0	0	0	1	1	0	0	1	0	0	0	0	0	0	1	0	0	0	0	0	0	0	0	0	2	0	0	0	0	4	0	0	0	0	0	1	0	0	0	0	0	0	0	0	0	4	5	0	0	0	0	0	0	0	2	1	0	0	0	0	0	0	2	0	0	0	0	0	0	0	0	0	0	0	0	1	0	0	0	0	0	0	0	0	0	0	0	0	0	0	0	0	0	0	0	0	0	0	0	1	0	0
郗晓勇|利己者生,利人者恒	0	0	0	7	0	2	2	6	5	0	2	0	0	0	5	0	0	0	0	1	0	1	2	0	4	3	4	0	0	5	6	0	0	0	0	0	4	0	0	0	0	0	0	0	0	0	0	0	0	2	3	0	3	2	1	0	4	0	0	0	0	0	0	0	0	0	0	0	0	0	0	2	0	1	0	0	0	0	0	0	0	0	0	1	0	0	0	0	0	1	0	0	0	0	0	0	0	0	0	2	0	0
